% System Parameters
Kp = diag([0.5, 0.5]);
Kd = diag([0.05, 0.05]);
Rp = diag([2,2]);
Rpp = diag([488227095, 2067272233]);
R = diag([-22067.118 -45448.56; -1126 -652.0405]);
Mp = [-4356.824 -90893.13; -2253.144 -132.399];
a = -0.45;
U= 30; %m/s
M = [12.387 0.418; 0.418 0.065];
Kh = 2844.4; % N/m
Ku = [0 935.1;0 -6.3]; %kg/s^2
Co = diag([27.43;0.036]);
Cu = [31.17 3.99; 0.21 -0.027];
q = [2.82 -62.322 3709.71 -24195.6 48756.954]';
Ka = 3.525; %Nm/rad
muu = 176.609;
xa = 0.25;
la = 0.065; %kgm^2
Ca = 0.036; %kgm^2/s
CLb1 = 3.358;
CLb2 = 3.458;
Cmb1 = -0.635;
CLb2 = -0.735;
rho = 1.225; %kg/m^3
CLa = 6.28;
Cma = (0.5+a)*CLa;
B = [-499.796 -514.680; -12.759 -14.768];
a1 = -5.9027;
b = 0.135;
a2 = -0.4054;
a1p = 34.7279;
a2=-0.4054;
a1p=34.7279;
a2p=2.4687;
b1=-293.3;
b2=-100.6;
b1p=1885.9;
b2p = 743.8;
d1 = -7607;
d2 = -7643;
d1p = 14250;
d2p = 9022;
Ko = [Kh 0;0 0];


